227 9
476 17
206 19
45 15
265 4
337 6
7 16
478 18
459 2
37 11
116 10
182 13
270 1
220 9
325 10
425 7
72 2
277 2
235 18
81 13
50 18
498 12
438 13
484 0
45 1
325 0
250 5
190 15
359 13
474 3
240 19
21 17
233 11
385 8
40 14
45 17
152 16
191 16
342 0
24 16
266 9
193 4
214 6
373 14
75 8
374 14
273 8
190 16
499 12
408 16
367 10
27 19
488 8
199 15
245 16
466 15
429 0
154 1
326 11
35 0
79 10
279 10
104 5
103 8
404 14
373 6
478 16
210 7
93 5
7 8
12 10
51 1
279 17
444 12
40 14
408 7
319 19
163 6
185 17
76 9
299 19
312 8
247 2
238 13
263 4
274 16
112 6
77 2
131 5
59 19
58 12
248 1
121 12
443 19
255 6
9 0
90 5
103 13
159 9
84 17
