1418 98
1267 74
1555 109
1071 90
1692 102
1160 100
1247 72
1326 78
1500 62
1026 101
1414 69
1822 57
1994 108
1874 68
1901 72
1644 107
1474 84
1779 109
1781 70
1232 73
1654 77
1370 77
1653 54
1708 57
1078 62
1477 97
1377 114
1356 97
1930 66
1166 123
1432 84
1174 124
1123 68
967 108
1535 89
1897 68
832 99
1933 122
1032 80
1519 120
1700 63
951 107
1616 124
1308 87
1490 89
1942 72
1146 61
846 51
964 86
820 91
1094 75
1085 127
1004 92
967 80
1134 123
1898 129
1851 99
1164 119
1125 70
1473 80
888 101
1022 96
1000 73
1912 86
1654 111
1726 61
1134 127
1632 126
1761 77
1210 67
1882 104
1921 54
1070 129
1288 120
1653 118
1055 94
1120 123
1785 54
1766 58
905 87
975 81
1384 102
1116 90
1078 117
1280 89
923 54
1327 126
1080 61
1490 58
1886 99
996 62
1450 71
1117 110
1804 63
1592 117
1395 124
1058 51
1304 107
1394 81
803 88
