599 34
897 58
899 40
562 54
665 22
1046 46
1045 47
812 58
436 54
622 46
1072 58
702 33
413 60
912 61
734 62
782 27
1093 39
1004 69
550 51
457 32
1046 52
510 58
453 68
998 55
693 47
1098 38
854 65
520 69
1024 62
1183 66
748 49
698 61
944 35
791 67
852 27
1010 28
1077 50
978 68
1014 38
976 63
542 67
1152 52
819 65
862 37
560 37
1174 41
837 26
527 31
652 48
853 49
579 64
673 43
939 65
584 39
988 43
445 56
803 21
739 37
441 57
947 67
929 46
551 20
797 46
641 22
877 31
1146 33
454 52
651 40
619 34
1105 52
1195 43
1153 37
1110 66
1160 48
605 36
861 62
613 62
966 40
808 57
676 28
1160 55
636 36
1072 53
1154 49
522 63
420 42
470 24
1072 40
622 24
547 58
435 35
848 37
466 22
809 47
473 48
908 30
785 39
1005 30
567 47
700 64
