304 19
138 2
41 10
439 0
297 0
5 1
329 14
209 18
235 6
331 8
52 19
482 6
278 7
209 13
30 6
43 7
253 7
188 3
471 9
181 6
46 6
175 15
195 7
127 6
312 9
65 6
442 2
287 8
245 9
285 12
94 8
335 7
234 2
431 8
406 4
205 8
115 5
89 9
399 19
217 18
182 10
16 17
367 7
471 0
287 15
478 2
188 5
132 5
82 6
124 12
87 4
203 10
349 6
371 11
259 7
337 12
493 9
197 6
372 7
400 5
18 11
139 10
466 14
305 19
381 13
249 15
17 1
267 12
487 3
314 2
9 6
281 10
29 18
51 5
97 2
204 8
427 14
345 4
121 15
191 7
215 13
465 17
78 10
309 2
21 9
102 4
458 6
15 5
398 5
255 0
174 2
156 9
19 12
114 0
169 19
391 18
184 13
13 7
203 4
144 19
