1835 118
1403 102
1791 109
1762 115
1317 55
1849 101
1860 57
1463 79
857 89
1767 112
1647 108
1747 52
803 106
1627 71
935 94
962 116
1029 57
1670 60
1053 54
970 82
1213 89
1681 84
1261 129
1833 84
1748 124
818 116
1626 106
1274 127
1162 121
1206 68
1571 79
1294 78
1757 55
1254 111
963 114
1733 59
1104 127
1268 80
1306 85
1572 116
1478 60
956 87
1766 60
1422 103
1814 78
1861 82
1487 110
1550 101
1637 82
1887 115
1124 84
824 114
1122 107
1893 80
992 56
1021 99
1490 76
1706 93
857 87
1333 78
1130 123
1117 99
909 127
1700 77
1187 79
1943 61
1188 65
983 91
1317 99
1528 117
1299 63
1926 100
1198 80
1007 75
1493 111
1794 105
1706 118
865 94
1905 117
805 89
1898 83
879 128
1353 76
1670 73
1502 73
962 69
902 78
1348 93
1326 76
1824 116
943 103
1064 107
1530 81
902 84
1280 53
1989 111
1103 80
1389 96
1749 90
1593 81
