1139 20
617 29
473 33
748 43
736 51
412 27
494 54
1144 32
677 59
594 37
593 28
1059 24
1169 26
552 45
639 52
478 64
894 36
566 55
735 54
404 44
880 46
906 41
1058 40
588 50
597 64
784 24
866 34
900 54
900 34
1195 26
708 38
693 57
928 44
922 24
984 42
851 23
596 55
662 40
405 38
1164 48
791 21
400 27
415 46
870 66
1127 22
981 67
1091 40
706 26
495 34
1099 26
407 50
509 55
1186 52
851 61
572 29
588 37
1055 55
422 47
413 49
669 60
781 43
1146 36
943 35
1082 42
958 45
540 40
945 38
966 46
845 67
565 57
1099 63
447 56
1185 39
584 26
624 60
540 45
970 33
623 24
861 52
879 44
833 22
738 21
474 29
898 44
649 27
721 40
981 47
827 54
1074 47
871 24
812 36
825 66
690 23
455 33
673 32
950 50
1196 41
624 50
1157 33
964 67
