328 1
399 2
62 10
234 16
199 3
384 15
248 9
345 12
347 7
459 9
143 6
464 6
326 19
413 14
264 10
141 3
331 10
53 14
17 8
85 17
179 6
457 7
475 13
215 16
452 6
8 10
370 7
226 16
217 6
416 14
176 8
490 10
107 12
421 18
178 17
191 14
401 2
228 1
280 9
280 12
64 5
200 7
205 10
201 17
35 17
192 7
268 12
492 12
52 11
11 8
120 10
115 15
305 5
246 14
96 3
496 13
375 6
265 7
487 6
252 15
333 16
6 12
492 19
408 5
237 0
339 11
195 7
54 16
210 14
379 12
250 13
285 15
20 11
302 19
400 0
427 0
335 8
68 13
421 9
50 17
12 9
93 4
147 0
424 9
393 1
460 18
34 19
408 10
277 10
498 2
256 8
252 2
393 4
307 15
154 13
65 4
135 4
486 10
148 16
328 18
