1685 115
912 80
1055 87
1592 82
1282 127
875 74
1596 84
1120 76
956 86
1428 115
1636 125
1915 66
1948 125
803 92
1922 101
1481 124
1007 100
805 82
838 72
1745 75
1734 100
1703 76
1471 126
1192 90
977 82
1448 120
1583 102
1815 110
1395 60
1131 115
1851 109
889 56
1169 56
1730 64
1256 55
1338 111
1042 57
1860 109
1118 98
1032 87
879 92
1287 99
1976 71
1558 78
1060 116
1142 68
1970 74
1716 76
1325 83
1083 61
1817 71
839 64
953 115
1237 115
1278 117
1799 55
1226 70
1043 104
1571 68
1435 118
835 75
1831 68
1547 80
846 76
1336 106
1140 93
1006 125
989 51
1681 68
1168 114
1746 58
1511 62
1062 101
866 105
1763 128
1035 90
1107 116
1156 70
1163 50
1692 110
1526 63
1377 53
1434 61
1744 124
1452 98
1656 109
1230 86
892 112
1415 126
1271 92
956 80
1977 62
1034 83
1472 63
1365 117
1890 85
1642 72
1526 57
1585 58
803 128
