826 22
899 45
629 40
1103 54
1044 37
955 40
612 31
832 48
830 65
1020 54
1147 34
653 46
963 52
604 48
419 34
790 56
797 24
917 31
633 54
798 59
986 27
836 50
875 53
810 46
984 29
1189 47
1112 26
671 23
1064 35
696 37
468 69
711 27
846 67
991 64
1088 20
845 68
830 23
957 25
789 65
1180 44
865 39
823 58
570 36
515 58
653 40
790 59
681 36
723 59
848 23
483 59
814 32
478 55
934 35
746 28
455 56
698 62
477 22
983 69
580 29
1148 27
440 25
1019 57
776 61
733 38
1192 29
679 66
1094 27
504 22
788 32
878 32
1092 54
1161 36
562 56
1127 45
922 41
815 48
747 42
457 60
788 53
522 50
1114 53
909 42
1067 34
605 37
845 65
1039 43
624 54
524 38
578 35
717 24
1121 33
479 69
907 69
1029 29
849 29
413 30
874 27
475 68
516 49
913 66
