151 5
104 1
495 12
412 11
14 1
316 11
328 6
459 10
126 17
426 7
35 16
429 11
285 3
410 15
475 5
191 7
29 12
432 3
182 5
53 4
91 1
338 12
28 15
106 19
7 2
93 3
358 14
4 3
414 4
332 4
7 19
495 0
287 14
164 1
250 14
399 11
417 4
400 14
402 10
237 15
256 16
159 4
168 0
250 3
147 5
412 12
48 4
67 16
466 9
20 3
335 8
385 9
88 10
32 17
350 14
178 10
438 14
34 0
389 15
229 19
338 12
192 3
32 12
230 5
385 10
220 9
173 15
483 17
134 7
36 6
71 12
332 13
392 8
143 6
9 13
259 9
494 4
290 18
236 16
356 3
25 9
135 12
208 5
58 0
88 14
325 11
463 14
499 12
443 13
354 10
172 10
356 2
293 1
246 0
81 15
374 3
366 14
494 6
124 12
397 6
