730 37
660 61
1013 34
626 43
651 61
784 46
744 64
1063 47
779 41
565 54
1103 57
661 22
436 22
985 31
463 26
997 23
779 69
587 58
826 53
511 33
604 58
1111 36
426 65
897 20
512 21
993 33
421 57
773 54
728 43
870 57
792 58
1053 58
1168 63
896 24
510 57
824 60
1087 58
928 68
888 30
1052 39
1091 54
500 66
916 29
811 34
743 34
768 44
425 67
640 55
703 21
486 28
822 41
657 37
1128 58
704 41
552 44
844 22
586 37
770 51
1170 28
444 61
727 48
730 49
948 67
1058 55
907 55
434 41
1174 41
894 22
1164 24
1066 50
715 30
581 56
584 56
640 30
497 45
970 52
411 30
1065 53
589 53
503 48
712 54
855 61
465 20
1042 21
797 63
467 43
856 51
1179 48
529 54
865 65
1094 69
458 37
1095 58
1184 36
682 23
563 59
1003 24
1097 32
893 48
1155 47
