1 4
368 8
461 15
369 1
488 19
138 0
323 19
477 6
424 17
106 10
177 5
97 17
373 8
175 12
385 12
489 12
110 5
216 7
296 5
327 12
297 8
160 15
432 9
33 1
199 10
460 16
384 8
385 0
435 11
356 9
455 18
83 16
360 18
17 1
32 5
399 15
378 10
363 16
426 8
123 15
68 0
345 17
93 7
413 16
197 1
12 2
463 5
414 10
37 7
239 8
100 1
151 8
376 9
189 3
434 6
492 5
235 5
156 19
157 7
144 16
8 6
344 15
359 7
218 9
242 8
6 0
165 18
106 1
299 13
325 2
51 7
4 0
212 3
431 16
427 12
231 5
75 3
404 7
39 14
102 15
315 13
165 16
109 19
398 12
210 15
411 7
82 5
410 18
142 16
497 8
44 5
429 8
472 2
212 10
465 14
119 7
288 3
294 12
66 6
72 10
