1476 97
1495 102
906 75
936 107
1940 106
1795 103
1463 103
844 91
931 99
1861 51
1289 96
1177 57
1802 74
1126 69
1739 112
1329 82
1525 67
1453 93
1992 106
1670 108
944 126
1736 89
1679 89
1245 106
1034 86
1187 95
1280 53
1387 55
1877 94
1646 94
1037 63
1882 103
1507 67
1898 66
1065 81
1748 123
1242 62
1740 79
1115 80
1446 123
977 97
1993 83
1308 108
1502 75
1504 87
1400 118
1044 124
1005 88
899 102
1474 106
1248 53
1542 58
1863 78
869 108
1423 97
1324 82
1435 104
1900 51
1103 58
919 122
1616 105
936 126
1620 110
1407 122
1177 126
1066 104
1554 105
1983 62
1403 64
1941 85
1277 80
1091 82
1581 111
1984 100
1951 50
1978 57
1577 88
1122 60
1074 71
852 95
1241 65
1332 128
1681 98
916 92
1674 73
1922 125
875 65
1182 97
1339 123
1881 57
1600 105
1642 90
959 105
1210 67
1553 124
1455 124
1110 98
1845 87
1699 84
1896 86
