534 45
710 44
545 41
763 58
578 55
598 46
946 69
823 39
916 47
729 23
1191 29
504 34
981 54
884 35
584 66
879 33
1051 41
1136 28
558 24
714 60
756 55
534 66
775 48
540 37
1147 69
465 27
1136 42
1114 44
929 20
719 64
889 34
635 32
517 32
416 65
933 32
855 44
892 52
789 45
1030 23
777 44
1161 68
513 50
676 40
813 21
805 54
1115 37
983 63
1185 62
408 52
1178 28
552 30
967 62
925 31
1143 24
884 61
705 56
706 54
814 59
552 41
532 22
421 38
572 45
485 47
549 30
535 49
1058 54
669 52
830 69
988 45
608 20
435 22
1193 27
969 34
730 26
1023 42
1011 23
836 28
982 57
519 58
1098 31
519 48
412 65
615 55
607 69
701 21
1076 50
649 51
421 34
995 30
427 55
1037 59
815 20
968 63
1037 52
1026 43
821 53
588 41
1100 64
906 26
1103 46
