487 15
405 8
479 9
236 2
33 18
193 1
285 9
448 10
55 4
350 8
60 10
212 19
244 10
97 12
356 17
271 13
478 16
475 12
218 7
166 9
464 10
97 12
125 7
29 4
13 3
184 11
306 10
436 7
490 14
329 10
162 12
403 17
35 7
162 15
128 2
457 6
154 0
415 0
472 2
77 1
470 6
325 15
296 16
475 2
273 3
242 14
303 13
35 0
362 11
414 10
424 8
178 10
91 17
123 5
491 11
319 17
320 9
225 13
279 16
399 10
289 4
222 1
333 10
404 15
55 5
60 0
3 2
141 15
167 16
105 3
17 4
44 8
297 2
373 5
95 13
234 19
454 6
347 14
268 9
254 19
66 0
462 6
428 16
266 7
63 1
442 9
370 14
263 18
119 16
160 3
135 9
481 15
401 8
353 2
273 11
413 1
171 4
394 12
300 10
289 9
