1823 89
932 105
875 105
1661 88
1621 57
1130 91
1986 65
1513 73
1836 52
1690 65
1287 107
1364 109
1502 94
1794 128
1147 126
858 129
821 65
1485 84
1284 91
1594 113
1968 70
1054 68
1351 110
1382 64
926 92
933 128
1711 108
1552 60
1696 109
1655 116
1396 100
1566 108
1611 109
1898 68
869 96
1207 67
1715 108
949 80
1022 99
1540 60
1393 81
1268 111
1761 57
1423 93
1374 62
1458 117
1697 107
1094 70
1157 97
1453 94
1618 75
1448 81
1364 126
1878 66
1194 50
902 97
1515 71
1789 97
1075 54
1363 53
890 54
1928 54
1222 56
980 115
1303 63
1948 102
1120 111
1297 95
1142 97
1170 96
1632 112
865 51
1182 99
1971 75
1494 55
1873 70
1258 104
1484 92
806 77
1726 88
1877 109
1739 79
1155 65
1909 129
1900 72
1487 107
1731 81
1161 71
1136 88
923 113
993 112
1869 102
1441 105
1314 75
1845 111
1333 71
867 127
1852 127
1102 54
889 76
