1185 37
653 28
1164 55
966 66
685 64
946 50
876 28
712 67
1076 49
702 67
435 56
1020 51
959 56
1196 34
627 24
877 51
758 48
966 23
412 43
823 39
966 50
844 56
645 69
1163 50
1020 44
492 24
675 58
1000 39
680 53
586 49
880 62
1187 23
699 24
698 61
741 34
767 31
616 51
1088 39
671 49
1013 49
454 27
950 46
1149 55
1165 32
811 32
1126 52
447 69
931 60
1042 61
1131 34
744 54
1058 32
950 68
564 53
701 46
1195 22
436 27
513 51
676 46
783 32
588 22
867 22
1125 33
688 26
416 59
512 24
684 48
772 28
723 42
620 53
964 53
1105 21
523 51
720 22
860 31
818 63
944 43
550 64
806 66
816 65
554 63
826 62
499 28
584 35
709 30
682 24
599 26
587 42
432 68
967 36
555 54
729 24
569 24
817 30
1157 66
1157 38
1106 39
1151 39
705 47
724 56
