98 18
99 13
315 7
168 9
222 2
84 17
463 11
469 7
296 15
11 14
124 15
364 18
169 4
157 18
184 1
198 0
172 16
177 1
367 4
449 18
53 9
294 9
195 10
425 5
375 0
21 17
283 15
304 1
52 14
145 18
82 16
60 16
269 2
493 15
471 5
65 15
397 12
453 18
188 7
333 11
473 2
14 0
204 9
161 1
290 6
417 4
266 15
471 18
260 18
365 16
438 6
268 15
422 19
211 6
108 0
493 18
233 3
171 8
142 18
36 2
300 14
85 0
148 12
85 14
43 7
418 16
339 14
31 11
462 11
335 2
73 11
222 4
32 16
182 9
197 0
52 5
326 7
238 2
237 13
110 9
119 3
249 14
124 19
105 10
127 19
208 10
94 18
55 4
365 15
120 2
85 5
257 9
283 0
126 17
223 12
197 6
427 18
384 0
344 16
339 8
