1355 87
1429 88
1486 119
1927 122
915 118
1283 92
1897 92
853 101
1508 60
1983 85
926 70
1033 103
1579 76
1641 52
1207 114
940 113
1374 78
1134 104
1591 63
1771 52
1918 123
882 53
1069 128
1267 84
1174 124
1365 97
1487 87
1350 72
1691 62
928 129
993 91
1972 71
1979 111
1878 128
1133 66
1157 59
1632 98
885 105
1610 119
1211 65
812 119
868 71
1288 85
1779 87
1932 83
1909 75
1471 105
1298 61
1799 94
1138 70
1941 99
841 116
1982 127
945 58
1174 117
1186 113
1691 82
1409 60
1228 66
1794 74
804 66
1131 117
1574 80
1255 119
822 110
1812 108
930 102
922 66
1900 103
1048 109
1541 94
1772 103
1559 112
1230 116
1390 67
1065 100
1413 93
1416 66
1801 52
1401 73
1020 100
817 71
1976 79
1148 121
1437 94
1806 101
1609 86
1979 119
1683 54
1776 83
1748 125
1708 57
1923 56
1262 119
956 57
1916 56
1052 99
1453 58
1419 65
1316 125
