538 32
1120 30
707 65
489 27
858 42
565 68
778 51
1132 22
564 48
1162 42
472 29
410 49
1052 49
596 60
476 65
1008 67
526 54
485 35
784 27
1027 49
1137 41
1193 25
920 26
1188 38
757 48
805 59
994 30
1086 34
822 28
761 37
806 64
820 27
696 44
988 49
933 63
709 67
1002 24
484 67
684 26
746 48
453 56
541 37
783 57
628 46
1196 68
782 57
560 64
528 63
972 25
666 22
919 67
516 59
1050 54
986 36
1017 45
881 23
633 52
1061 66
595 21
1073 45
787 58
905 41
1037 61
919 64
541 56
1169 50
889 66
1043 66
533 59
607 49
434 59
813 65
933 35
1072 68
800 34
519 50
767 45
925 42
593 60
766 63
1088 57
470 69
607 65
1191 58
591 43
550 21
749 28
1171 33
636 56
532 52
523 25
1069 54
867 54
861 50
592 31
984 60
1065 20
573 61
1149 48
691 58
