473 4
226 1
32 8
270 14
337 7
381 14
150 15
78 16
186 7
97 2
312 17
402 3
225 13
490 4
39 15
74 14
20 18
370 1
91 11
310 1
350 17
197 1
75 2
147 12
437 11
177 1
244 3
417 0
185 14
367 8
60 17
85 4
447 1
134 8
93 8
417 9
104 5
445 13
473 4
413 10
121 7
95 11
392 8
33 16
115 18
248 10
39 12
257 2
90 1
47 12
65 15
392 2
27 3
487 15
206 9
314 18
0 5
11 18
217 5
143 7
296 3
120 4
392 15
344 16
326 10
320 13
168 3
493 16
80 15
130 18
87 16
175 3
13 2
210 8
319 9
433 16
369 8
444 9
434 3
144 2
369 9
461 5
6 8
317 18
282 1
251 2
215 1
195 18
436 3
372 9
214 9
184 9
293 16
387 18
114 11
467 16
349 16
99 18
18 11
16 1
