858 64
816 64
1230 107
1602 51
1831 104
1051 87
1703 117
1940 75
1315 54
1916 111
1395 97
1125 112
1881 50
1676 97
1195 94
1251 75
1630 52
1900 75
1185 79
868 57
1572 105
1353 106
996 122
1098 75
1748 110
1466 126
1480 68
1760 113
1905 82
1453 121
1072 118
1675 94
1289 120
1407 128
1094 59
1355 87
1524 50
1715 56
1886 79
1961 83
917 54
1239 89
1721 129
1497 107
1334 77
1444 126
1597 65
1911 107
1406 126
1676 99
975 50
1883 79
940 55
1964 85
1515 105
1494 102
1834 116
1289 101
1223 75
1973 114
988 85
1221 68
1430 50
1611 70
1664 60
1176 88
1281 73
1016 118
1854 124
1576 101
941 75
1878 122
1463 91
884 101
1161 119
1239 106
1960 128
994 112
862 110
922 98
1429 101
1990 116
1967 67
982 112
1696 53
1948 61
888 105
843 81
1313 126
1211 125
1073 120
1685 103
1708 80
1937 101
1690 56
826 69
1520 76
1403 122
1134 100
1881 96
