880 37
601 56
891 39
952 53
961 56
667 59
1077 26
475 48
843 35
645 64
1031 42
691 29
705 62
1030 62
593 66
1153 27
860 28
741 59
1019 36
613 54
709 46
1061 30
505 63
692 38
1130 22
611 45
1062 61
1185 41
645 32
436 55
555 20
854 30
633 36
906 35
983 45
537 35
1046 26
622 69
1061 61
1130 64
435 69
1124 31
1115 57
993 30
1105 56
492 23
871 67
594 68
892 64
636 51
962 56
1034 51
1130 38
1193 20
878 41
848 62
955 61
413 41
633 27
1063 60
729 48
1119 47
1050 22
456 34
471 55
720 61
561 26
1034 61
980 56
1130 68
1128 40
636 68
727 50
1153 69
437 36
551 25
1137 48
1091 61
791 21
814 31
928 43
921 27
791 39
1007 47
1064 60
934 64
935 61
864 25
1081 35
1124 38
1027 56
404 45
526 62
684 30
884 37
1014 59
1194 43
972 23
969 22
811 67
