131 7
345 4
207 9
493 9
123 4
96 19
95 0
392 19
75 2
32 19
441 7
78 0
351 3
346 7
186 11
274 12
297 15
480 15
214 11
61 13
246 5
66 4
172 5
76 0
163 1
87 1
35 15
296 4
306 13
357 14
227 16
17 16
368 9
352 10
72 6
486 0
401 1
211 10
252 14
484 7
24 19
489 14
349 2
290 5
349 11
257 0
281 11
410 5
386 1
265 17
268 1
85 12
135 11
370 13
288 13
454 18
136 1
310 11
112 2
180 18
58 6
240 12
476 6
331 7
109 10
152 19
310 15
202 6
36 7
360 4
180 12
235 12
496 6
99 3
287 3
45 11
460 17
225 3
141 19
189 6
343 4
284 1
87 17
233 19
295 2
488 16
75 1
423 10
308 14
203 0
435 3
90 4
19 12
405 17
156 12
411 10
23 12
165 3
458 12
401 14
