1894 59
894 118
1048 97
1760 75
955 106
1592 62
1976 54
916 67
890 83
1368 111
1782 99
955 71
1643 56
1164 122
1476 95
1426 71
1131 71
1328 92
1624 76
1208 109
1702 69
998 109
1463 118
1309 124
1790 82
1375 62
986 96
1638 83
1042 57
1680 120
1051 76
1847 89
807 94
1902 113
1320 129
1447 80
1442 128
1953 55
1215 84
1583 99
940 86
1252 116
1008 114
1930 121
1772 52
1107 74
1486 81
1782 50
1792 53
891 86
1005 68
1458 70
1172 79
924 112
1525 118
1117 91
1432 84
1098 70
1325 107
1149 77
861 93
855 53
1136 100
1797 118
936 126
1995 114
1739 73
1596 117
1230 87
1740 59
1036 62
1741 120
1190 127
1973 56
1380 96
1265 84
1850 88
1699 77
1685 103
1830 89
1621 112
1330 103
1125 52
1083 80
869 107
1508 108
1737 65
1185 78
1482 60
1162 62
1642 53
1915 97
1845 58
856 54
1491 127
1614 63
1433 125
1813 106
1519 72
1217 59
