430 65
622 51
614 48
574 32
516 36
894 39
1043 33
823 37
959 36
882 54
536 67
615 58
981 65
947 34
660 58
840 60
704 32
670 46
1132 67
519 30
796 20
704 68
548 55
452 33
1159 20
955 53
609 53
783 62
1056 51
1151 25
525 20
812 23
585 68
496 62
850 20
943 64
805 24
1126 54
925 36
544 57
761 29
616 43
476 20
1080 60
686 35
880 32
672 56
898 39
749 53
713 53
828 66
954 60
961 22
819 62
1123 30
881 28
760 54
637 59
909 52
614 65
994 44
1194 34
1010 44
717 64
1040 22
653 60
940 59
428 55
757 40
524 50
761 25
409 28
840 50
703 38
727 35
637 21
768 29
1105 42
614 32
563 34
662 57
862 46
585 21
840 25
646 45
787 39
516 54
668 64
1133 58
561 48
927 21
992 38
620 65
810 31
673 63
470 33
1027 62
1186 44
1013 49
628 69
