118 2
342 10
366 2
494 18
36 15
347 15
368 16
272 9
412 3
324 8
192 8
181 0
71 17
173 18
241 14
482 12
463 16
49 18
175 18
392 5
377 19
113 18
245 3
176 0
334 6
41 16
216 3
409 18
256 10
148 16
441 0
455 3
227 17
181 2
60 4
460 11
154 7
242 5
165 17
167 0
205 13
276 1
67 18
475 9
265 17
434 18
305 12
218 9
486 4
94 17
46 13
280 9
158 10
476 1
158 0
223 5
416 17
287 4
138 6
214 11
189 10
56 13
97 1
72 18
354 5
307 8
357 8
263 8
237 12
475 10
217 10
31 3
151 4
496 12
318 18
290 11
481 19
178 19
153 5
419 6
250 16
213 7
209 11
442 18
108 6
308 19
467 12
331 18
355 17
180 13
114 12
244 1
72 14
148 12
477 14
481 9
419 18
387 17
338 16
111 12
