930 115
1377 118
1151 121
1877 105
1494 59
1373 50
1848 119
1357 85
1030 80
1840 99
857 101
1541 76
1326 111
1190 63
865 84
1413 93
1285 73
1270 76
1166 69
1187 87
1579 64
1296 115
1795 122
1420 108
1051 120
1808 61
1329 121
1479 95
1864 118
1610 57
1696 72
1095 85
1585 84
893 99
932 129
1143 103
1998 59
1330 126
1418 111
1085 62
866 86
1612 91
1082 111
1497 85
1481 85
1752 95
1444 112
1797 59
1321 55
1948 80
1317 83
1492 126
1618 78
1113 56
1137 90
1588 80
1311 111
858 96
1207 92
1806 116
1861 95
1939 118
1330 127
1874 81
849 70
997 55
1892 77
814 94
1612 63
1782 101
1355 79
1558 68
1160 70
1787 65
1934 116
1594 127
1825 120
1808 97
1342 122
1908 125
1710 54
1356 91
1063 115
1801 108
911 129
1584 120
1982 66
821 127
974 111
1526 65
1218 59
993 58
1824 84
1203 53
1404 85
1214 113
1251 57
935 129
1041 91
1945 124
