986 47
823 60
450 67
767 54
864 29
426 51
613 30
698 69
991 22
485 67
1104 35
513 25
875 34
907 30
427 46
467 47
528 41
680 36
1111 31
1180 49
564 52
1107 55
431 55
782 55
728 39
430 39
680 36
1063 44
790 60
579 31
850 49
911 47
609 51
1158 39
438 52
1080 41
1065 31
1143 58
695 20
766 53
1174 48
543 47
659 42
487 22
746 67
655 46
545 33
1090 24
1090 65
678 58
467 59
713 60
1011 64
681 55
979 45
768 23
942 54
619 48
679 61
597 33
1118 64
516 36
814 35
800 54
582 27
987 21
546 37
994 66
1093 45
1151 39
1109 36
519 67
499 51
1095 27
502 47
1062 33
931 51
662 37
1195 28
445 69
1089 31
667 25
982 48
791 24
1011 31
682 28
1170 52
999 39
666 45
582 65
1173 27
556 58
463 28
729 56
461 32
781 23
712 21
567 44
645 36
636 44
