133 11
195 6
93 19
127 11
34 15
333 3
399 8
429 10
31 18
259 16
43 18
287 5
409 2
39 16
184 13
265 9
117 18
229 14
33 9
170 5
78 1
444 8
436 8
45 6
272 0
461 18
3 15
208 10
102 11
468 19
463 7
441 15
376 18
460 8
404 13
415 7
141 5
99 13
153 1
217 7
390 9
495 17
229 8
398 18
457 6
85 14
48 15
45 9
66 13
309 12
197 12
295 14
368 13
268 5
414 4
243 7
432 15
464 3
444 5
268 1
101 12
283 11
66 4
67 15
210 0
80 14
150 10
360 14
39 18
332 8
88 16
330 12
83 4
214 14
252 8
491 7
122 5
306 9
163 6
447 16
241 3
353 6
386 6
41 14
440 4
279 14
21 2
19 10
263 10
419 5
353 18
322 15
238 9
42 0
42 10
11 5
150 1
267 13
85 0
115 19
