1637 118
1940 104
1329 81
1281 124
1866 60
1293 120
1291 109
1374 116
885 128
1266 117
1683 64
1708 90
1871 82
1385 101
1741 63
912 52
1189 108
1063 76
1662 119
1634 65
854 127
1127 100
1390 64
1709 122
1810 106
979 116
1206 78
1437 80
1852 53
952 60
1635 124
1135 50
1353 79
1462 84
944 113
1556 53
1663 117
1070 82
895 61
1725 76
1766 76
1793 66
1633 106
1792 111
1641 84
1591 77
1480 108
1969 117
1190 84
1365 53
1308 115
1161 124
1193 114
1765 53
1538 70
1011 93
1556 90
978 114
1030 88
1737 107
1018 52
968 78
834 100
810 66
1055 128
1784 114
1012 98
1703 57
1609 106
993 64
1676 81
1025 50
1297 56
1368 121
1098 77
1500 119
802 56
1504 50
804 120
1663 124
1017 53
802 110
1949 114
1185 81
1891 97
822 73
815 114
1245 127
1233 74
1928 121
1602 92
1326 120
1766 86
1555 77
1682 91
1411 120
1863 104
1128 63
1292 117
1580 120
