1042 55
648 37
967 40
1060 68
1175 62
935 32
683 39
1185 42
1186 40
542 58
1167 21
1025 45
413 22
655 23
563 34
680 29
915 25
432 61
572 53
715 36
623 23
904 33
942 54
468 27
1024 54
655 46
850 65
412 24
1176 29
1073 42
944 51
975 53
807 23
1099 65
1045 46
747 68
676 43
940 43
1198 62
1152 35
644 26
885 26
523 51
1104 34
1120 65
953 29
477 65
464 66
403 55
989 35
1111 60
1093 53
1081 61
1017 32
1135 24
776 64
529 24
1012 48
894 21
610 47
476 54
1163 36
636 67
912 27
699 65
714 37
676 48
415 66
692 33
1009 32
470 37
1104 45
652 62
432 45
463 63
853 50
525 24
1066 48
1042 25
465 22
610 21
661 50
930 33
956 58
1142 30
1016 38
517 40
572 51
857 34
428 61
450 46
685 33
506 34
635 39
707 63
602 65
1197 39
708 26
627 45
704 55
