81 0
247 0
386 7
189 0
29 1
346 2
278 12
68 5
158 18
442 7
482 6
439 17
178 5
494 17
141 13
462 19
76 16
338 0
182 3
62 6
216 6
390 2
338 5
446 8
351 6
359 16
433 14
20 18
117 6
46 3
442 2
32 12
60 13
54 4
429 0
381 9
456 9
371 12
466 12
309 6
34 17
267 4
376 9
439 7
307 0
242 17
265 0
336 16
488 3
359 0
422 19
84 13
393 10
130 19
281 2
151 13
107 3
185 2
153 4
254 6
448 17
369 14
277 7
478 11
472 18
436 1
146 7
389 9
463 6
174 15
332 18
477 14
119 13
286 2
421 3
210 5
376 15
91 14
111 10
285 7
204 3
93 5
401 5
189 10
374 11
456 1
318 17
204 5
180 1
333 4
483 5
476 18
203 1
289 14
447 1
335 10
256 16
19 14
446 0
288 0
