1980 69
921 59
1448 85
1042 104
1350 79
1721 89
1936 120
935 57
1542 55
1886 52
1078 57
816 117
1101 110
1819 124
858 113
1201 127
1787 70
1128 72
1463 123
1002 76
1447 65
1370 91
1153 100
980 83
1491 69
911 79
985 57
1859 93
1131 58
1665 125
1541 107
1123 102
1460 73
896 82
906 125
1708 106
1679 110
858 92
1156 68
1455 72
1013 87
1957 107
1626 102
984 98
1177 67
1056 64
988 107
1372 58
859 100
823 128
1206 63
1770 86
1314 108
958 113
813 61
812 125
1614 115
899 58
1598 100
1652 120
1293 111
1949 119
1891 86
1745 97
1140 105
1105 83
959 52
1289 86
1571 110
1609 92
1087 50
958 118
1716 91
1165 115
1240 57
1115 114
1898 80
1356 88
1454 63
1622 109
1268 94
1009 81
1433 64
1037 124
1193 56
1520 99
1246 104
1867 103
1002 117
1111 103
1726 70
1809 69
949 124
1584 118
1216 107
847 51
1742 101
1627 109
1367 120
1002 125
