446 38
774 37
801 51
582 46
984 34
462 33
529 23
570 39
874 62
646 65
1085 50
1070 45
1068 68
677 26
586 47
975 69
772 57
699 55
1034 41
736 22
510 68
1138 58
824 38
897 32
723 30
559 69
1112 34
588 58
421 67
752 63
793 32
884 48
734 64
621 69
1044 57
837 23
822 40
568 51
683 39
681 33
684 36
1055 43
525 47
1023 61
649 48
903 23
1198 28
899 30
546 21
1104 21
1169 62
427 27
628 30
725 65
736 63
806 69
840 53
1194 61
1071 67
444 45
814 53
894 25
670 57
1042 59
995 42
984 21
790 46
1029 41
877 37
668 30
808 63
844 58
795 29
965 55
1107 36
663 59
647 43
1002 50
1149 32
1044 63
821 60
826 52
694 20
710 58
595 64
801 60
634 60
1198 36
985 29
675 23
685 54
484 55
488 53
734 65
478 23
669 58
493 27
1034 57
518 54
580 22
