124 4
343 15
275 2
26 1
51 3
45 13
361 8
161 12
424 14
361 11
443 14
290 2
498 18
400 2
383 9
460 12
224 5
335 1
25 18
126 16
124 16
487 11
198 6
267 7
196 1
18 18
358 3
299 13
117 5
447 1
75 17
201 11
2 6
216 13
445 14
457 11
267 10
447 17
146 8
125 10
191 1
139 18
470 7
85 9
224 10
14 3
361 8
208 16
384 3
78 13
221 10
355 9
35 16
497 3
419 16
331 1
85 15
475 6
354 9
69 2
319 14
32 2
442 14
22 11
215 3
201 7
216 6
353 3
217 14
413 8
192 9
277 17
246 11
74 19
112 8
157 8
381 1
431 7
44 6
451 5
214 7
92 16
330 7
286 19
449 10
431 10
309 3
237 5
285 4
479 1
24 14
284 12
99 2
133 14
265 6
201 16
234 18
129 12
459 7
370 15
