1686 63
1239 63
1406 57
1943 53
1387 105
1347 93
1797 72
1320 84
1580 117
1421 51
1780 83
813 121
1534 112
831 87
1022 112
932 122
1470 121
1308 83
863 118
869 115
1302 95
1505 66
1083 80
1074 94
1850 85
1605 81
1971 103
921 107
1524 80
1818 62
945 59
1054 121
1917 55
923 124
968 90
1203 58
1045 66
894 125
951 87
1875 115
1143 92
1330 53
1765 68
1472 105
888 129
1519 61
1859 103
1993 116
1207 112
1914 78
1599 56
984 111
1548 57
1024 97
1181 113
957 69
1178 62
1911 69
1117 92
1782 53
1550 70
962 104
1594 120
1145 127
1071 117
1483 76
1191 68
1078 101
1262 53
1497 116
1729 50
1783 106
1589 113
1466 51
817 101
1552 69
1818 51
1767 83
1385 51
1569 127
970 77
1604 59
996 82
1857 96
1648 77
1742 120
1224 78
1602 85
1357 102
1645 69
1620 98
1090 125
1967 62
993 82
1252 106
933 118
1276 58
967 96
1146 87
1181 84
