542 59
919 69
1106 51
468 66
591 52
847 54
460 44
563 57
517 25
463 50
995 35
691 34
587 49
1094 44
864 37
998 27
437 52
1053 54
499 25
508 36
1059 30
1079 60
473 27
892 22
478 33
882 55
696 23
1098 55
536 39
1156 66
575 25
1153 67
750 32
1184 31
1161 68
1176 39
678 24
561 28
824 47
671 27
723 32
1084 53
667 20
992 59
942 63
831 62
618 40
928 23
1020 66
598 35
422 54
797 61
524 57
722 53
412 33
1103 46
695 35
418 51
1024 46
809 46
480 34
748 51
436 26
630 46
852 58
689 31
736 67
1118 58
425 54
1006 27
985 55
1024 53
512 30
727 56
796 31
1143 23
1060 29
765 37
1009 50
1080 56
585 22
583 65
1034 39
559 34
560 68
1049 65
835 53
967 60
672 53
1009 20
801 33
1153 61
460 62
646 33
629 41
505 32
433 61
778 41
504 50
741 56
