469 4
371 14
361 14
234 17
441 0
371 19
199 4
225 5
278 4
19 3
236 4
169 3
237 1
382 7
24 4
295 15
222 5
56 10
470 6
183 15
290 16
127 3
249 6
297 2
442 18
417 4
134 12
218 11
203 16
184 11
39 12
317 17
348 12
409 5
89 7
333 7
495 19
256 16
47 16
361 11
23 10
415 19
440 2
418 8
86 8
450 10
24 2
235 13
100 8
144 8
156 19
361 16
298 16
120 18
360 16
391 14
64 10
96 7
283 2
195 16
59 0
317 4
95 12
266 13
287 17
492 6
296 19
399 12
313 0
6 9
125 12
0 5
257 14
80 4
43 3
331 9
344 4
3 12
255 16
374 15
379 11
241 16
255 12
119 11
94 14
106 8
150 14
496 3
486 0
499 12
399 11
39 5
431 13
126 7
369 7
287 18
281 7
424 10
21 4
261 11
