1837 102
906 99
1385 63
887 54
1215 96
810 67
905 64
1644 81
1395 127
1201 90
1243 118
1945 112
1716 61
1952 93
1238 118
1107 121
805 86
1391 53
1533 52
1848 84
1575 106
1250 73
891 89
1936 74
1074 57
903 84
1510 125
1837 121
1752 53
1684 53
1725 109
1117 94
1351 67
1258 122
1708 70
1989 106
1109 105
918 67
917 71
1109 93
1380 65
1900 85
807 51
1288 77
1245 52
1244 84
824 60
882 112
1174 64
1599 86
1132 73
994 92
1806 82
1065 103
1565 80
1743 110
1517 124
1734 111
1250 108
1789 127
1751 80
1502 61
1914 71
1751 128
1911 66
1698 79
1792 128
868 127
1558 105
1022 71
1014 102
1299 111
1075 93
1767 87
1723 123
1104 68
1481 122
1661 85
1687 66
1823 68
1886 60
1559 71
892 65
1758 118
928 113
1051 120
1396 111
1333 54
1480 73
1221 65
1031 118
1686 79
1624 72
1292 64
899 50
1438 95
830 99
1346 68
916 63
1924 118
