471 47
798 41
905 21
478 20
664 31
934 43
404 39
1065 69
1182 67
1065 50
688 33
1108 52
810 63
413 35
698 32
407 46
999 50
528 60
634 28
1128 67
586 64
844 34
963 28
723 34
1138 56
565 40
751 44
1187 20
1190 64
903 29
1124 58
921 28
732 67
922 41
1011 27
561 45
846 35
1184 20
789 23
514 26
1092 50
739 41
782 36
444 69
559 57
1129 37
1004 62
457 40
1161 30
594 24
615 50
942 34
631 27
630 20
1184 32
1001 51
521 26
520 50
515 61
946 69
854 59
823 55
423 33
827 49
418 66
682 33
522 63
914 69
474 64
1089 38
1047 27
764 50
852 25
632 56
1025 55
825 55
850 21
485 30
647 36
612 29
1149 59
1111 28
848 42
850 55
1099 65
1175 26
1102 48
975 44
955 44
1096 40
1117 50
1126 62
629 44
519 21
802 23
1048 22
1100 40
1037 22
685 35
1025 50
