168 15
497 2
137 3
151 10
195 12
349 6
165 4
99 12
19 13
494 0
431 17
14 10
410 7
275 8
344 8
202 2
175 14
336 1
388 14
42 11
233 0
104 1
28 16
4 3
103 8
406 16
389 0
415 3
467 12
34 17
401 8
167 2
105 2
123 8
398 6
369 13
96 6
468 18
302 6
478 15
49 10
345 3
79 15
252 6
420 12
237 18
71 5
118 17
160 19
94 3
467 16
455 15
320 6
286 3
0 3
487 6
145 19
390 16
227 1
483 9
140 1
291 6
18 19
167 7
339 14
318 14
430 3
155 15
205 12
449 19
6 6
108 6
332 11
274 15
286 7
402 10
375 1
304 6
435 9
194 18
290 17
283 10
303 8
226 11
275 1
154 11
76 12
445 12
448 2
336 0
375 0
326 14
258 6
441 16
86 4
218 12
125 1
499 10
148 2
136 8
