1665 52
1293 60
1313 81
1361 66
1898 85
1866 56
1396 55
1472 108
1856 125
1268 105
1949 100
1033 74
1094 92
1357 95
1531 128
1155 93
939 83
1919 128
1179 102
1117 124
1349 54
862 65
1280 50
1071 109
936 74
1160 123
858 51
1535 73
1151 119
1286 119
1874 121
1783 107
1519 70
1578 66
1049 55
865 129
1160 51
1153 105
1950 129
1261 89
1877 91
1280 109
1671 127
855 101
1688 95
873 80
1764 120
1076 103
945 95
1780 70
1184 87
1810 69
918 64
1848 101
961 73
1245 53
1625 102
1009 68
1189 77
1398 65
1383 106
1385 63
1845 82
1148 52
1125 116
817 65
1188 91
1205 123
1523 129
1174 103
1262 110
1746 117
1834 110
1742 83
1051 112
1504 115
1951 106
1530 87
1355 122
1652 56
1088 55
1492 69
1689 55
1612 121
1731 74
1728 69
1401 51
1730 125
1131 70
1036 79
875 77
1465 125
1285 84
1553 76
1992 69
1216 69
1060 126
801 88
1746 94
1116 129
