1228 123
1147 112
918 90
1682 68
1657 68
1446 97
949 114
916 109
1740 120
1459 51
1826 84
857 62
813 50
1361 71
1388 95
1172 73
1892 88
1764 125
1030 125
984 71
1532 120
1377 76
1218 116
1468 63
1825 76
912 102
1622 82
1079 77
1986 72
1001 71
1130 126
1427 93
1583 88
1527 85
1288 59
1901 95
1771 53
1463 62
1035 54
995 114
1514 95
1401 126
1056 53
1332 75
1908 129
1022 104
1015 119
1123 92
1280 97
1367 122
1777 72
1156 64
1113 111
1676 92
1923 59
1789 58
1996 99
1714 63
978 112
1078 59
1687 128
1219 127
933 62
1721 59
1484 54
1690 66
1270 119
897 109
1259 73
1123 56
1904 88
975 77
1947 77
1167 75
1793 119
1872 50
913 59
957 126
1049 53
887 126
1110 90
1650 112
857 92
1897 59
820 105
1122 88
1253 64
1723 77
1673 112
1955 119
1458 63
1398 116
1811 100
1425 91
1448 83
1139 72
1074 50
1300 120
1024 108
1135 61
