889 31
895 42
497 67
512 63
450 49
658 66
954 62
790 31
887 38
614 28
677 29
774 51
735 55
505 47
1009 38
944 62
1118 20
957 60
797 27
742 47
1118 58
693 54
939 36
683 36
426 51
596 52
542 63
886 69
1196 56
580 68
572 24
1168 33
1078 47
1052 47
843 42
689 43
470 41
681 35
791 27
1126 38
447 30
422 63
651 57
1070 62
1159 64
739 29
403 64
1175 41
899 46
513 57
576 26
1029 30
1004 60
499 43
1122 55
620 41
1148 50
734 48
1199 55
688 37
881 33
761 36
1019 49
1164 63
1033 50
1069 58
478 60
839 69
740 67
822 58
753 32
1055 34
485 69
1184 55
912 61
834 67
1136 29
715 55
536 66
912 40
1197 45
1095 31
618 58
1050 68
867 30
792 49
966 64
421 26
477 45
882 34
1168 65
871 37
520 60
733 65
431 28
616 54
530 25
562 32
552 62
707 53
