12 2
438 14
299 7
273 13
172 13
224 16
236 17
126 2
214 14
357 6
259 10
111 18
386 12
47 8
473 9
231 13
435 0
82 18
415 18
221 1
222 16
166 16
229 10
377 13
278 16
219 17
84 8
245 16
142 11
323 12
330 11
418 14
412 7
223 14
471 5
230 17
438 16
320 0
451 17
173 13
456 12
485 11
432 13
238 8
475 2
363 2
74 8
185 2
318 14
99 17
379 13
159 18
256 6
332 13
38 6
407 18
319 19
483 13
178 9
277 15
496 12
120 7
285 2
358 6
134 13
305 12
67 2
153 7
30 5
127 19
330 1
238 17
369 9
49 10
69 12
50 15
131 18
231 19
88 4
456 1
391 1
244 3
191 0
375 16
38 10
461 2
404 18
242 1
287 8
399 1
163 19
230 14
474 11
466 17
461 17
364 15
266 18
186 14
132 16
78 18
