1506 65
1190 66
1953 54
1657 73
1120 104
1488 51
981 96
1331 64
1411 100
1813 110
1380 126
991 107
1234 91
1327 53
1137 127
924 77
1197 85
1332 75
828 84
1268 74
1536 78
1347 100
1164 114
1531 56
1231 113
1589 55
865 93
1937 111
1673 77
1439 63
1129 126
1773 57
1864 68
1565 69
1914 78
1473 82
813 71
822 119
1634 88
1723 120
1061 74
1164 100
1259 106
1263 75
1160 86
1770 77
1898 51
1583 126
1238 129
1990 117
1581 54
1349 100
1018 71
1646 98
1723 70
1173 67
1225 68
1132 73
1301 119
1422 100
1793 103
1156 100
1689 115
1991 64
1004 97
1187 111
1083 98
883 116
1004 67
1903 119
1083 96
1071 125
1326 83
1051 89
1204 58
1217 92
953 103
945 105
1080 96
1304 67
1534 87
1879 103
1782 69
1216 102
919 95
845 59
1478 58
1581 107
1497 58
827 106
1450 54
1836 121
1716 88
1445 77
973 80
1879 92
1391 88
1848 65
1396 114
1359 79
