596 59
654 61
1162 39
748 56
696 45
913 63
699 24
409 28
697 68
1062 56
490 33
1088 30
867 27
621 51
1024 58
681 36
814 35
866 65
850 67
1043 55
825 44
1147 29
478 66
441 43
881 42
455 27
1034 37
623 61
714 67
494 49
521 61
420 62
898 20
469 28
887 38
864 57
514 43
857 31
986 66
708 29
1086 58
912 29
929 49
430 21
1010 41
973 48
998 24
884 49
708 21
1083 30
749 27
870 54
647 52
702 24
708 66
782 31
467 57
535 49
515 28
496 60
912 64
638 64
427 61
716 41
778 28
935 59
937 62
441 60
1179 30
704 54
401 32
554 69
1062 28
975 60
1092 40
682 69
791 46
1173 21
1197 66
929 36
646 26
975 62
1181 44
750 52
915 41
689 53
1044 40
876 52
1128 36
843 41
601 52
879 47
476 49
614 55
862 37
710 20
684 30
1157 32
1151 53
472 67
