184 18
474 12
474 4
248 7
225 16
41 16
84 17
11 17
106 0
124 12
307 13
26 7
60 19
245 14
131 17
308 6
133 14
232 5
359 6
401 3
384 10
68 16
121 16
158 12
316 12
354 4
471 1
302 9
409 16
424 19
335 9
180 17
353 7
391 9
476 17
446 0
79 2
20 19
434 1
79 3
75 8
438 11
118 3
389 9
352 2
295 17
227 0
20 6
336 9
474 6
409 19
284 9
407 10
482 9
453 7
14 1
288 19
77 7
430 4
131 8
30 16
249 12
49 9
375 16
415 14
261 13
105 14
424 18
140 4
322 14
436 6
39 11
38 6
283 3
195 2
337 9
109 11
379 16
6 6
103 5
5 16
478 2
397 9
24 4
116 8
135 9
495 2
203 19
41 16
67 18
283 10
317 17
116 6
288 1
389 3
291 9
498 4
11 17
333 8
297 18
