1870 79
1066 75
1227 125
922 55
1356 110
1603 64
1890 59
1205 129
1996 95
1235 53
1333 59
827 124
1966 91
991 75
963 64
805 94
1485 108
1271 121
868 109
1128 108
1150 128
1620 84
1416 87
1107 110
1535 53
1434 119
1195 85
1485 64
1706 107
1653 61
1797 66
906 107
1473 85
1149 81
1220 105
1541 112
1489 55
996 116
1042 104
1365 61
1281 57
836 87
851 77
1945 68
1505 82
915 108
1045 123
1485 75
1661 61
944 120
1695 102
1205 118
858 71
1125 68
1028 82
1199 79
1237 126
1365 119
1167 119
1731 94
1113 51
940 61
1382 79
1443 113
1287 56
1460 83
1242 54
1853 53
1980 83
1964 87
1698 73
1238 58
1152 120
1984 124
853 71
1390 98
1939 99
1126 84
974 99
1696 65
1025 75
1852 115
1943 95
1248 94
1036 79
1597 66
1857 129
1645 64
1638 77
1707 90
1799 97
1038 98
1910 85
915 84
1425 57
1447 80
1519 58
1294 127
1436 51
963 103
