1105 55
788 29
789 21
836 53
980 38
759 65
795 69
509 28
917 59
415 29
853 62
417 22
669 24
438 25
969 59
480 62
1083 23
867 30
740 30
1092 53
1003 48
995 52
893 65
466 33
689 62
1137 67
790 62
1128 56
956 27
800 45
700 55
926 64
1093 48
1181 63
1188 38
775 51
1071 33
591 28
1070 43
974 41
806 58
953 30
483 39
571 36
418 25
1012 68
601 24
654 47
1123 27
503 59
1131 33
1152 41
756 66
881 46
738 24
646 62
713 34
555 59
497 51
1007 53
642 21
1128 38
818 36
835 31
904 35
453 39
940 63
420 27
1005 54
859 34
494 24
462 33
1134 57
506 42
978 68
1079 50
722 53
1198 64
413 20
913 65
713 26
955 44
827 37
550 64
815 22
514 26
1157 38
472 32
776 56
668 68
892 62
712 47
963 50
1051 63
1100 42
429 50
474 43
749 57
1068 53
794 69
